011250112001017
020200028112000
040210008031059
051239606001000
060730083051015
080759664002009
090010216004000
100030169041000
121199109001012
130630406161000
150030114003013
160010105011050
170318435001023
181410112021009
191690008002017
200450004002000
212270104001001
221259517012023
230110250001002
240037067001042
250158204001028
261210004022000
270531048004000
281339501001062
290510201981025
300630005002004
311090006002005
320030075001000
330150035003001
340057048024043
350010037331016
360050001001000
370779707041005
380350103002000
391290213001000
400310020051071
410459709003967
421019891001004
440090514001017
450790104081009
461270203002029
471870502081021
482012101001042
490351128181005
500070039003008
517100038001000
530330053023013
540810008023062
550350017001002
560019635002070
110010002011001