010970063013034
020200002042036
040138124002053
050674804001056
060650465001000
080010086041000
090093614011003
100030143003013
120110306003011
130570908042002
150030089241017
160659503021004
171579512001094
180659755003005
191919502002010
201730054004000
211110122032004
220330038053004
230050112022016
240338059072000
250138129031000
260750058001002
271370004003014
280470032073000
292134802013000
300630005004027
311090029002032
320030058522000
330150697002002
340312366023001
350010047491004
360610155006000
371190058413000
380170103033004
391336015021019
401230889002005
410510103041011
421110208004023
440070126011017
450130021071004
460990010021003
471570217101006
482015421022012
490490016031007
500019608002003
511210201002002
530539400081000
540390108014001
550790007003000
560079676002110
110010095013010