011030051093013
020200008014001
040131167252000
051190042161028
060730083122000
080690018092000
090091806013003
100030148031010
121010321041004
131350505421000
150030011002003
160550005003011
171635039042068
180594108001000
191130026001002
201730095033006
211110111091000
221159507032006
230270420001011
240054508002001
250214034001000
260555507001000
271370106004007
280939501003026
290430202012007
300630013024005
310550039001007
320310022092029
330039561003035
340297139001002
350619707002027
360050028004001
371010402022041
380170102032009
390610213042002
400310024032050
410670326045013
421010361003000
440070170002002
450450031011014
460990004052013
471470805001041
481130192081000
490351129122010
500070035023012
515102001022000
530670118102007
540550010002041
551314401051037
560399678005091
110010013013007