010510310002027
020200001013025
040134201051001
051190049006012
060650420143008
080050077033000
090034205002015
100030147034005
120950151062004
130470307001051
150030084121003
160499400001048
170318230014000
181439670003032
191390503002010
202090420022007
212270117003010
220710069003000
230110241013013
240054101003000
250214201001000
261635751003001
270370608213043
280350104001027
291892151413000
300310001031041
310019655001024
320310027051026
330150692002014
340311756022005
350010024013000
360610137005000
370510032011002
380350112002012
390351381102006
401091074013018
410110004003011
420430226015004
440070124016005
450350108082004
460819663012017
471570226002014
484391132141018
490111255022008
500279651001035
516500103071000
530670122222065
540039712024002
550790034003004
560399677022027
110010098072009