011091890001042
021220004002042
040190005004013
051190040042005
060855015022000
080310120103005
090116952023006
100030139041034
120860001151000
130311104043000
150030086062004
160050011012009
171018808001019
180973302091000
191530108021047
200910524212000
210150705032019
220630403032000
230050010001005
245102805002024
250250701014000
261614127001011
270530268093012
280470035052011
291833119072007
301110013003019
310199692031097
320030005243002
330099610001029
340210044043001
350490012051004
360470822003000
371190015092006
380150103001008
390610222003006
400272021071002
410159504001010
420270113002001
440090506004010
450030212031032
461030103002001
471490418002029
481576709021007
490351111023001
500070023021013
510818801021002
530610402001005
540390110002018
551332014023011
560379709032010
110010047012000