010690415005015
020900015004021
040190043302030
050134802002028
060670090082012
080410062003014
090010615004007
100030006021014
120860078052008
131530209004000
150090314021114
160419701004052
170312403001025
180190505043048
191896802004025
200379569002030
210670042072020
220710004002027
230190300001037
240358101001018
250250506001002
260992682002009
271370006001000
281279501002100
290970102001056
301110014022021
310179750001373
320030050122008
330130390003032
340258045001006
350090003015029
360894907003015
370459508003030
380999581002070
390950081002005
401430088002014
410510068022000
420430219011018
440070116002054
450190031104020
460859726003064
470190717002049
483419503007000
490351102002010
500019602002047
511076118043018
530330105002000
540110102021018
550090205034013
560079677003026
110010078081015