010070100022021
020900003003005
040159536011083
050119505002067
060371901001006
080130132071054
090076101001020
100030129003028
121130105042051
132171001003012
150010212022401
160270223003214
171770006003060
180910416001016
191690104002012
201099546002030
211110128013006
220210001003072
230039520002013
240135082002062
250056311005016
260770015012039
271617904004030
280350102004009
292214601004011
300810004012007
311219668002005
325100008001001
330110255001010
340390385002015
350519624021036
361031479024006
371899206011009
380299665004224
391370303004043
400634849002024
410099709003017
420792177002015
440050401013040
450439205013010
460719412001095
470919563002044
482013237013021
490519602002069
500110105005033
510890110001046
530210208005036
540550017002085
551091206001055
560250003003043
110010012002003