010970063013036
020500001003203
040270115012073
050259701002050
060230115003103
080590098081031
090138815003004
100030110001005
120830005011016
130670314055001
150070406041014
160859701001398
170190104004041
181530505002070
190059602002094
200299771003027
210959702002039
220170225003012
230039518001041
245102601021000
250277292001002
260239510003041
270251107001037
281139507003010
292236904002079
300150102002082
310299619003336
320030059041066
330079506002062
340258124002047
350579632011040
360039513003063
370919504024034
380039682001043
391690014002041
401214859001015
410190800005017
420950159022024
440030214023012
450730309012037
461119621001186
470930038011003
482139503005012
490351139071045
500059570001011
511552104004008
530270005005020
540259505002133
550139708002068
560239780001286
110010026001002