010499604004037
020900019004118
040136114002014
050450311022000
060650412032002
080690026003070
090138815003018
100050514001045
121130107052003
130630405161014
150030099043019
160270219012027
172010016001002
180939505003065
191870006002020
200790305004050
211439601003077
220170222001009
230310340023072
240054213001010
250250920003007
260750060004008
271370105002076
281359501001060
291892123003010
300410403003076
311799787001056
320030058251004
330199754005015
340230077042020
350450002051020
360810394001003
371350112032032
381059535001723
390852050012018
400696603002221
410530053001013
420912038032019
440070124013003
450310116001007
460990101011099
471570079001016
481439504003024
490351010001024
500039711001004
511076118043018
530630112012011
540610120002005
550870117001015
560250017001067
110010050012004