010970054001051
021800002001007
040019450014082
050070208063062
060530110004014
080770014022016
090116968002007
100030112041021
120190302032047
130670315053001
150090302011037
160010012023012
170318220002004
180118106013070
191130026002021
201154898005071
210930014021018
220850005002026
230179660001022
240135075002019
250056553002017
261251665001013
270917905006015
281179503002070
290950113001020
300630002011072
310550048003013
320030028411020
330110210001020
340297152002018
350410004011143
360595179022052
370459515031074
380959515002057
390610252004000
400338711001298
410559501002075
420970818003033
440070105012016
450019502002025
461030107002001
470459645001036
480291817051004
490451307032091
500239552002021
517000322113019
530270009005046
540390123004111
550710104004010
560379709014104
110010078043013