010970032032057
020200022022002
040190040113004
050310011004041
060133050005011
080590117083016
090010305002019
100050504063026
120090713402005
130510108034092
150010211062064
160499400001004
170659731002010
180670010001055
190799603002035
200510727011025
211450309001004
221179501021055
230190063002000
240150305052027
250277511011046
260050319003006
271410304024038
280859503001085
290154602001165
300290002031030
310379647001451
320030028303016
330099601005051
340270418032067
350010032012004
360710148006003
370139301001026
381059537001017
390897571002094
401310506031104
410050234012004
420893013011069
440070034001019
450150204011035
461359664005017
471550802022023
480839506001402
490050003003089
500110101002019
511390302002097
530090011001037
540690020002044
551410101001045
560050003003117
110010016002005