010730144041074
020200003001121
040130610381003
050234803005023
060374808033002
080759659001073
090158005003001
100030112062029
120710402055023
132519706002061
150030105052010
160550008001024
170619737002053
180459579003084
190693603002091
200099712001340
210490201051009
220550014072002
230259660002024
245102715011002
250277442001013
261635832001019
271277506001207
280959501002125
292198202024005
301110002002018
311659501001475
320310010154032
330199758001000
340258089002005
350579632021091
361031594043021
371830542052002
380639590003359
391517007002029
400399606002007
410670319101025
421330105201022
440010303001011
450850004002045
460819661001083
471251012011008
482090109024031
490519604001287
500279663002023
510839303011054
530630042004020
540279682004071
550090004021011
560079678002016
110010020023001