010830204011032
021220007006083
040130928011001
051190029002044
060610206051019
081139681031014
090012052001018
100010430001035
121030246022000
131350501064006
150030089281009
160099400001212
171194041002256
180559551002043
190570010002008
201430856001040
211599502005013
220170254062034
230159752001038
240098605011019
250010145002068
260639506001115
270530213003000
280859503002065
290190015032018
300870002002061
310399728001245
320030057052002
330151075002042
340270461052007
350350009013172
360550140013004
370739703003032
380590205002094
390830074003178
400496815002198
410670301022043
421257441002002
440050403022017
450910617061056
460990104021019
471079707002068
481899501002014
490532711003024
500159531001063
511910107002031
530530718082014
540390130001017
550250107022011
560250014011290
110010103001017