010719505001010
020200028132019
040133199041017
051190042022025
060790126001028
080839696001004
090091509001026
100030110002009
120710101031047
130950010001012
150030080051000
160479601001076
170850201004097
180890434012044
190610011022000
200895761002177
210779601013018
220710011002034
230190155001005
240317017041022
250277131002062
261251218002027
271079601002106
280490106002067
290997002102028
300670003001012
311359593002393
320030058271307
330130430025007
340270443001004
350559527001251
360775906001061
371899209003066
380339629002202
391535105003015
400198924004026
410670323001073
421314001002081
440090515025031
450439204001136
461099504001110
471550810004052
484159502001082
490490015043006
500039708001046
517600607005006
530150007031023
540490214002046
550250004073001
560210014021014
110010010013013