01003010703
02090001900
04021000205
05143010302
06073018700
08077001501
09013881200
10001040202
12115002712
13135050606
15001021005
16001010335
17093890400
18057110808
19153010203
20091052603
21015070307
22063040804
23005017301
24033807200
25015820400
26099223800
27139080302
28089030400
29099700109
30063000202
31109010400
32019960101
33011012300
34001011802
35013001201
36005046201
37101040203
38017040500
39165032201
40143005807
41017001001
42003409000
44007001600
45019004608
46099001106
47187051202
48157673101
49035113107
50007003100
51710003800
53025011402
54003972000
55009940001
56005000100
11001001001