01055001700
02198940100
04003000100
05077470200
06085510500
08123000701
09011690700
10003001200
12011060211
13185010302
15003007502
16031950600
17017960300
18091042300
19081270200
20163974600
21117061100
22033000300
23007970102
24017850300
25017384001
26163530400
27135970500
28049001000
29510111300
30009000500
31109001900
32003001717
33001966401
34013013000
35049001103
36047152200
37055970602
38017000502
39099801100
40053956400
41051003603
42045404900
44009041500
45007011100
46093020200
47157000800
48439111314
49049003106
50025967400
51009010600
53073000600
54061010101
55079002200
56005000100
11001006202