01005950100
02130000300
04013104218
05119004005
06037265301
08005085600
09007541100
10003015400
12031014332
13097080602
15009031801
16005001900
17031031700
18167010201
19099040500
20045000400
21209040601
22103040502
23003950900
24031701210
25013812901
26125121000
27137010500
28035000300
29185480300
30081000401
31055007312
32003001715
33011001400
34023007806
35001004752
36081029400
37183053715
38035011700
39113030100
40131050602
41007950100
42011001800
44009051304
45015020503
46045962100
47065010304
48201333901
49005001202
50017959101
51117930400
53033008200
54055002400
55087012503
56025001200
11001010700