01097006105
02020001731
04019004334
05143010509
06073010014
08001008540
09009154800
10003014808
12097042900
13127000404
15003011500
16013960200
17093890102
18127050101
19013002603
20057961900
21109960300
22063040402
23011013000
24003740104
25009254100
26075006500
27169670800
28047002700
29186960100
30111001801
31067964800
32003000518
33013041000
34005704014
35001000901
36085004000
37051003314
38059020300
39045030600
40077087200
41067031504
42043024502
44007017400
45057011202
46081966600
47157021520
48201543003
49011126104
50017959500
51550021501
53031950500
54081000900
55035000400
56011950200
11001006804