01097003605
02282000100
04019004120
05119003100
06073008336
08123002210
09013881200
10005051204
12095015901
13215001800
15003980200
16083001400
17031061000
18163002000
19169001200
20065952100
21067003916
22087030601
23021960302
24510180200
25025980101
26163504800
27021960301
28047000100
29189213102
30101980000
31009972400
32031980000
33011012300
34009020205
35049980000
36005034300
37119002600
38021973400
39035104600
40109100600
41005980000
42003250700
44003980000
45079002200
46099001106
47131965900
48029120901
49035100200
50027965300
51510200403
53045940000
54003972000
55105000100
56005000100
11001006202