01053970600
02185000100
04013422634
05139950200
06085501900
08005086600
09015830100
10003011800
12011041200
13135050715
15003009502
16065950500
17043846002
18089010100
19163010101
20173007000
21203950300
22085000600
23005013000
24027603003
25021401100
26161414900
27123041200
28049000800
29077002200
30053000100
31055007453
32003005015
33017081200
34025811303
35001000122
36059521802
37045951601
38017000801
39155933500
40123089000
41051009202
42041011602
44009051202
45083022006
46009967700
47021070102
48201411800
49041975100
50007000300
51075400200
53053071307
54047954503
55053960300
56007967800
11001000702