01093964000
02110000600
04027000600
05071952200
06037480400
08059012043
09009142400
10005050601
12073002205
13165960100
15003007810
16001010223
17089851908
18105001402
19181020700
20027458200
21099970400
22061960400
23005004502
24005491401
25025160501
26139020900
27159480300
28157950200
29099700302
30111001000
31159960100
32003005355
33011010600
34025811200
35006974201
36087010501
37027030100
38035010804
39095006800
40145030101
41067031005
42101004002
44009050103
45025950700
46099001002
47141000800
48497150500
49047968402
50005957000
51770002700
53021020300
54053955000
55079000800
56005000300
11001004701