01125012404
02070000200
04013813800
05065960300
06093000703
08059009837
09001022200
10003012600
12131950400
13273120300
15003003603
16017950500
17043846513
18085962500
19141490400
20177000600
21111000700
22071000100
23013970900
24005408302
25027710300
26093712102
27009020202
28049001400
29181870200
30107000100
31109003103
32031003109
33007951100
34023008205
35013001102
36081011800
37071031201
38105953400
39061023702
40131050103
41051002203
42017105012
44005041601
45035010815
46079960100
47081950301
48439102301
49015976500
50021962600
51193010300
53029972100
54011001200
55103970100
56009956700
11001007504