01097002400
02020001602
04005942201
05009790501
06037242600
08059009851
09001021200
10003011700
12099007605
13063040614
15001021504
16019970900
17143002701
18143966800
19177950200
20091051801
21117065000
22033004013
23031027000
24035810700
25017368200
26165380800
27145010500
28077960100
29159480100
30001000200
31055007315
32003002504
33007950600
34039031000
35013001204
36059304202
37183052409
38069956200
39023002901
40109106303
41007950900
42049002100
44007012102
45015020504
46061964100
47157021747
48201343301
49049010411
50013020100
51013100900
53033011001
54039001901
55015020303
56025001800
11001004600