01047956500
02020002813
04025000801
05033020402
06085512020
08035014503
09003400300
10005051004
12069030204
13285960502
15009031501
16017950800
17201002500
18097330202
19197680500
20209041600
21111011513
22123000100
23029956400
24031700207
25003921300
26065004490
27053126000
28087000200
29097010400
30043962201
31005958300
32017950200
33011021500
34001002400
35051962402
36063023001
37037020104
38101010100
39017011003
40109108318
41051000302
42039110202
44007011702
45079011418
46011958802
47037017401
48439111012
49005001001
50007002302
51650011900
53063014500
54091964700
55071010400
56001963400
11001004802