01101005502
02090000400
04013106703
05107480400
06037201602
08005007702
09009141100
10003011203
12057011506
13285960800
15003011104
16019971301
17031230500
18057110600
19113000500
20091053509
21067002400
22079011300
23017965700
24031700816
25013810902
26025002500
27105105500
28093950500
29189221628
30029000700
31107976400
32003006202
33011016100
34035051100
35061970800
36009961600
37059080100
38003968200
39061021508
40133583500
41005024000
42011010905
44005041300
45051030101
46099000201
47113001402
48113017704
49057200202
50003970200
51177020406
53053061900
54073962200
55057100600
56021000700
11001004002