01071951000
02122001100
04019003702
05033020301
06001404900
08041005201
09003487100
10003014909
12103024508
13135050545
15003006201
16057005500
17097864903
18097381204
19189680100
20173009100
21163970401
22113950600
23005004401
24510260303
25005613902
26081010600
27085950200
28049000100
29175490100
30081000401
31185969700
32003005311
33011018502
34025812300
35017964400
36103158315
37081016409
38061940400
39095005100
40109104600
41007950300
42017100104
44007000200
45055970902
46011958803
47189030901
48141010600
49003960500
50001960500
51550020806
53031950601
54081000600
55065970200
56033000400
11001009400