01019955900
02020002302
04013810800
05121960301
06047001101
08031005300
09003405401
10003016901
12083002001
13013180401
15003010306
16055001001
17031750600
18163003804
19021960500
20111000200
21111001100
22057021500
23011010600
24510090700
25027756101
26139022108
27067781100
28151000701
29175490500
30013010100
31055006503
32003002985
33015105100
34001001900
35001004740
36027210301
37081013900
38093967500
39113110202
40109101300
41003000400
42029311200
44007012402
45079000100
46095940300
47113000200
48113013624
49049002400
50019951500
51810046224
53053071503
54057010500
55023960500
56001962700
11001008701