01089001000
02050000300
04013061016
05005950400
06059063902
08089968200
09003416500
10001041802
12031014101
13089022005
15003002201
16069960900
17037001400
18123952500
19147960100
20091052419
21081920100
22047953102
23009966100
24021775302
25005614101
26115830300
27003050224
28087000401
29510114101
30029000201
31139979100
32031001014
33011012100
34013002300
35061971100
36101961700
37183054112
38101010700
39085202900
40143008600
41063960300
42125742100
44007017600
45029970500
46099000700
47005963400
48201423202
49049010406
50023954800
51059490502
53053073125
54033031900
55109120300
56037971600
11001004202